%%%%%%%% Hypothesis %%%%%%%%%%%%%%%%%%%%%%%%%%%%%%%%%%%%%%%%%%%%%
%                                                               %
%   1 = Plane Stress                                            %
%   2 = Plane Strain                                            %
%   3 = Axisymmetric                                            %
%   4 = 3D Analysis                                             %
%                                                               %
%%%%%%%%%%%%%%%%%%%%%%%%%%%%%%%%%%%%%%%%%%%%%%%%%%%%%%%%%%%%%%%%%
param.hypth = 1;
%------- Control Parameters ------------------------------------%
param.nnode = 126; % number of nodes
param.nelem = 100; % number of elements
param.nsets = 1;   % number of sets
param.nintr = 1;   % number of intervals
param.nnope = 4;   % max number of nodes per element
param.ngaus = 4;   % max number of gauss point
%------- Connectivity ------------------------------------------%
connec = [
       1      1    115   116   122   121
       2      1    109   110   116   115
       3      1    103   104   110   109
       4      1     97    98   104   103
       5      1     91    92    98    97
       6      1     85    86    92    91
       7      1     78    80    86    85
       8      1     72    73    80    78
       9      1     66    67    73    72
      10      1     60    61    67    66
      11      1     54    55    61    60
      12      1     47    48    55    54
      13      1     40    42    48    47
      14      1     34    35    42    40
      15      1     25    28    35    34
      16      1     16    18    28    25
      17      1     10    12    18    16
      18      1      5     7    12    10
      19      1      2     4     7     5
      20      1      1     3     4     2
      21      1    116   117   123   122
      22      1    110   111   117   116
      23      1    104   105   111   110
      24      1     98    99   105   104
      25      1     92    93    99    98
      26      1     86    87    93    92
      27      1     80    81    87    86
      28      1     73    75    81    80
      29      1     67    69    75    73
      30      1     61    62    69    67
      31      1     55    56    62    61
      32      1     48    50    56    55
      33      1     42    44    50    48
      34      1     35    36    44    42
      35      1     28    30    36    35
      36      1     18    21    30    28
      37      1     12    14    21    18
      38      1      7     9    14    12
      39      1      4     8     9     7
      40      1      3     6     8     4
      41      1    117   118   124   123
      42      1    111   112   118   117
      43      1    105   106   112   111
      44      1     99   100   106   105
      45      1     93    94   100    99
      46      1     87    88    94    93
      47      1     81    82    88    87
      48      1     75    76    82    81
      49      1     69    70    76    75
      50      1     62    64    70    69
      51      1     56    58    64    62
      52      1     50    51    58    56
      53      1     44    45    51    50
      54      1     36    39    45    44
      55      1     30    33    39    36
      56      1     21    23    33    30
      57      1     14    20    23    21
      58      1      9    15    20    14
      59      1      8    13    15     9
      60      1      6    11    13     8
      61      1    118   119   125   124
      62      1    112   113   119   118
      63      1    106   107   113   112
      64      1    100   101   107   106
      65      1     94    95   101   100
      66      1     88    89    95    94
      67      1     82    83    89    88
      68      1     76    77    83    82
      69      1     70    71    77    76
      70      1     64    65    71    70
      71      1     58    59    65    64
      72      1     51    53    59    58
      73      1     45    49    53    51
      74      1     39    43    49    45
      75      1     33    38    43    39
      76      1     23    31    38    33
      77      1     20    26    31    23
      78      1     15    22    26    20
      79      1     13    19    22    15
      80      1     11    17    19    13
      81      1    119   120   126   125
      82      1    113   114   120   119
      83      1    107   108   114   113
      84      1    101   102   108   107
      85      1     95    96   102   101
      86      1     89    90    96    95
      87      1     83    84    90    89
      88      1     77    79    84    83
      89      1     71    74    79    77
      90      1     65    68    74    71
      91      1     59    63    68    65
      92      1     53    57    63    59
      93      1     49    52    57    53
      94      1     43    46    52    49
      95      1     38    41    46    43
      96      1     31    37    41    38
      97      1     26    32    37    31
      98      1     22    29    32    26
      99      1     19    27    29    22
     100      1     17    24    27    19
];
%------- Nodal Coordinates -------------------------------------%
